       matrix[0]=[ 0.0, 29.0, 37.0, 90.0, 180.0, 165.0, 155.0,
       145.0, 180.0, 205.0, 215.0, 215.0, 220.0, 225.0, 235.0, 245.0,
       250.0, 155.0, 205.0, 175.0, 250.0, 240.0, 250.0, 260.0, nan, nan,
       nan, nan, nan, nan, nan, nan, nan, nan, nan, nan, nan, nan, nan,
       nan, nan, nan, nan, nan, nan, nan, nan, nan, nan, nan, nan, nan,
       nan, nan, nan, nan, nan]
       matrix[1]=[ 29.0, 0.0, 20.0, 65.0, 155.0, 140.0, 130.0,
       120.0, 155.0, 180.0, 190.0, 195.0, 200.0, 200.0, 215.0, 225.0,
       225.0, 130.0, 180.0, 155.0, 225.0, 220.0, 225.0, 240.0, nan, nan,
       nan, nan, nan, nan, nan, nan, nan, nan, nan, nan, nan, nan, nan,
       nan, nan, nan, nan, nan, nan, nan, nan, nan, nan, nan, nan, nan,
       nan, nan, nan, nan, nan]
       matrix[2]=[ 37.0, 20.0, 0.0, 70.0, 160.0, 145.0, 135.0,
       125.0, 160.0, 185.0, 195.0, 200.0, 205.0, 205.0, 220.0, 225.0,
       230.0, 135.0, 185.0, 160.0, 230.0, 220.0, 230.0, 245.0, nan, nan,
       nan, nan, nan, nan, nan, nan, nan, nan, nan, nan, nan, nan, nan,
       nan, nan, nan, nan, nan, nan, nan, nan, nan, nan, nan, nan, nan,
       nan, nan, nan, nan, nan]
       matrix[3]=[ 90.0, 65.0, 70.0, 0.0, 100.0, 85.0, 75.0,
       65.0, 100.0, 125.0, 135.0, 135.0, 140.0, 145.0, 155.0, 165.0,
       170.0, 75.0, 125.0, 95.0, 170.0, 160.0, 170.0, 180.0, nan, nan,
       nan, nan, nan, nan, nan, nan, nan, nan, nan, nan, nan, nan, nan,
       nan, nan, nan, nan, nan, nan, nan, nan, nan, nan, nan, nan, nan,
       nan, nan, nan, nan, nan]
       matrix[4]=[ 180.0, 155.0, 160.0, 100.0, 0.0, 23.0,
       37.0, 50.0, 80.0, 105.0, 115.0, 120.0, 120.0, 125.0, 140.0, 145.0,
       150.0, 37.0, 105.0, 80.0, 150.0, 140.0, 150.0, 160.0, nan, nan,
       nan, nan, nan, nan, nan, nan, nan, nan, nan, nan, nan, nan, nan,
       nan, nan, nan, nan, nan, nan, nan, nan, nan, nan, nan, nan, nan,
       nan, nan, nan, nan, nan]
       matrix[5]=[ 165.0, 140.0, 145.0, 85.0, 23.0, 0.0, 20.0,
       29.0, 65.0, 90.0, 100.0, 105.0, 105.0, 110.0, 125.0, 130.0, 135.0,
       20.0, 90.0, 65.0, 135.0, 125.0, 135.0, 145.0, nan, nan, nan, nan,
       nan, nan, nan, nan, nan, nan, nan, nan, nan, nan, nan, nan, nan,
       nan, nan, nan, nan, nan, nan, nan, nan, nan, nan, nan, nan, nan,
       nan, nan, nan]
       matrix[6]=[ 155.0, 130.0, 135.0, 75.0, 37.0, 20.0, 0.0,
       20.0, 60.0, 80.0, 90.0, 95.0, 95.0, 100.0, 115.0, 120.0, 125.0,
       20.0, 80.0, 60.0, 125.0, 115.0, 125.0, 135.0, nan, nan, nan, nan,
       nan, nan, nan, nan, nan, nan, nan, nan, nan, nan, nan, nan, nan,
       nan, nan, nan, nan, nan, nan, nan, nan, nan, nan, nan, nan, nan,
       nan, nan, nan]
       matrix[7]=[ 145.0, 120.0, 125.0, 65.0, 50.0, 29.0,
       20.0, 0.0, 50.0, 70.0, 80.0, 80.0, 85.0, 90.0, 100.0, 110.0, 115.0,
       20.0, 70.0, 44.0, 115.0, 105.0, 115.0, 125.0, nan, nan, nan, nan,
       nan, nan, nan, nan, nan, nan, nan, nan, nan, nan, nan, nan, nan,
       nan, nan, nan, nan, nan, nan, nan, nan, nan, nan, nan, nan, nan,
       nan, nan, nan]
       matrix[8]=[ 180.0, 155.0, 160.0, 100.0, 80.0, 65.0,
       60.0, 50.0, 0.0, 37.0, 44.0, 50.0, 55.0, 60.0, 65.0, 75.0, 80.0,
       60.0, 105.0, 80.0, 75.0, 70.0, 80.0, 90.0, nan, nan, nan, nan, nan,
       nan, nan, nan, nan, nan, nan, nan, nan, nan, nan, nan, nan, nan,
       nan, nan, nan, nan, nan, nan, nan, nan, nan, nan, nan, nan, nan,
       nan, nan]
       matrix[9]=[ 205.0, 180.0, 185.0, 125.0, 105.0, 90.0,
       80.0, 70.0, 37.0, 0.0, 20.0, 20.0, 23.0, 26.0, 44.0, 55.0, 55.0,
       80.0, 130.0, 105.0, 55.0, 50.0, 55.0, 65.0, nan, nan, nan, nan,
       nan, nan, nan, nan, nan, nan, nan, nan, nan, nan, nan, nan, nan,
       nan, nan, nan, nan, nan, nan, nan, nan, nan, nan, nan, nan, nan,
       nan, nan, nan]
       matrix[10]=[ 215.0, 190.0, 195.0, 135.0, 115.0, 100.0,
       90.0, 80.0, 44.0, 20.0, 0.0, 20.0, 20.0, 20.0, 32.0, 44.0, 50.0,
       90.0, 140.0, 115.0, 44.0, 37.0, 50.0, 60.0, nan, nan, nan, nan,
       nan, nan, nan, nan, nan, nan, nan, nan, nan, nan, nan, nan, nan,
       nan, nan, nan, nan, nan, nan, nan, nan, nan, nan, nan, nan, nan,
       nan, nan, nan]
       matrix[11]=[ 215.0, 195.0, 200.0, 135.0, 120.0, 105.0,
       95.0, 80.0, 50.0, 20.0, 20.0, 0.0, 20.0, 23.0, 37.0, 50.0, 55.0,
       95.0, 140.0, 115.0, 50.0, 32.0, 50.0, 60.0, nan, nan, nan, nan,
       nan, nan, nan, nan, nan, nan, nan, nan, nan, nan, nan, nan, nan,
       nan, nan, nan, nan, nan, nan, nan, nan, nan, nan, nan, nan, nan,
       nan, nan, nan]
       matrix[12]=[ 220.0, 200.0, 205.0, 140.0, 120.0, 105.0,
       95.0, 85.0, 55.0, 23.0, 20.0, 20.0, 0.0, 20.0, 23.0, 32.0, 37.0,
       95.0, 145.0, 120.0, 55.0, 50.0, 37.0, 50.0, nan, nan, nan, nan,
       nan, nan, nan, nan, nan, nan, nan, nan, nan, nan, nan, nan, nan,
       nan, nan, nan, nan, nan, nan, nan, nan, nan, nan, nan, nan, nan,
       nan, nan, nan]
       matrix[13]=[ 225.0, 200.0, 205.0, 145.0, 125.0, 110.0,
       100.0, 90.0, 60.0, 26.0, 20.0, 23.0, 20.0, 0.0, 26.0, 37.0, 44.0,
       100.0, 150.0, 125.0, 60.0, 50.0, 44.0, 55.0, nan, nan, nan, nan,
       nan, nan, nan, nan, nan, nan, nan, nan, nan, nan, nan, nan, nan,
       nan, nan, nan, nan, nan, nan, nan, nan, nan, nan, nan, nan, nan,
       nan, nan, nan]
       matrix[14]=[ 235.0, 215.0, 220.0, 155.0, 140.0, 125.0,
       115.0, 100.0, 65.0, 44.0, 32.0, 37.0, 23.0, 26.0, 0.0, 20.0, 20.0,
       110.0, 160.0, 135.0, 65.0, 60.0, 20.0, 32.0, nan, nan, nan, nan,
       nan, nan, nan, nan, nan, nan, nan, nan, nan, nan, nan, nan, nan,
       nan, nan, nan, nan, nan, nan, nan, nan, nan, nan, nan, nan, nan,
       nan, nan, nan]
       matrix[15]=[ 245.0, 225.0, 225.0, 165.0, 145.0, 130.0,
       120.0, 110.0, 75.0, 55.0, 44.0, 50.0, 32.0, 37.0, 20.0, 0.0, 20.0,
       120.0, 170.0, 145.0, 75.0, 65.0, 20.0, 23.0, nan, nan, nan, nan,
       nan, nan, nan, nan, nan, nan, nan, nan, nan, nan, nan, nan, nan,
       nan, nan, nan, nan, nan, nan, nan, nan, nan, nan, nan, nan, nan,
       nan, nan, nan]
       matrix[16]=[ 250.0, 225.0, 230.0, 170.0, 150.0, 135.0,
       125.0, 115.0, 80.0, 55.0, 50.0, 55.0, 37.0, 44.0, 20.0, 20.0, 0.0,
       125.0, 175.0, 150.0, 80.0, 70.0, 20.0, 20.0, nan, nan, nan, nan,
       nan, nan, nan, nan, nan, nan, nan, nan, nan, nan, nan, nan, nan,
       nan, nan, nan, nan, nan, nan, nan, nan, nan, nan, nan, nan, nan,
       nan, nan, nan]
       matrix[17]=[ 155.0, 130.0, 135.0, 75.0, 37.0, 20.0,
       20.0, 20.0, 60.0, 80.0, 90.0, 95.0, 95.0, 100.0, 110.0, 120.0,
       125.0, 0.0, 80.0, 55.0, 125.0, 115.0, 125.0, 135.0, nan, nan, nan,
       nan, nan, nan, nan, nan, nan, nan, nan, nan, nan, nan, nan, nan,
       nan, nan, nan, nan, nan, nan, nan, nan, nan, nan, nan, nan, nan,
       nan, nan, nan, nan]
       matrix[18]=[ 205.0, 180.0, 185.0, 125.0, 105.0, 90.0,
       80.0, 70.0, 105.0, 130.0, 140.0, 140.0, 145.0, 150.0, 160.0, 170.0,
       175.0, 80.0, 0.0, 100.0, 175.0, 165.0, 175.0, 185.0, nan, nan, nan,
       nan, nan, nan, nan, nan, nan, nan, nan, nan, nan, nan, nan, nan,
       nan, nan, nan, nan, nan, nan, nan, nan, nan, nan, nan, nan, nan,
       nan, nan, nan, nan]
       matrix[19]=[ 215.0, 190.0, 195.0, 135.0, 115.0, 100.0,
       90.0, 80.0, 44.0, 70.0, 75.0, 80.0, 85.0, 90.0, 100.0, 110.0,
       115.0, 90.0, 140.0, 0.0, 110.0, 105.0, 110.0, 160.0, nan, nan, nan,
       nan, nan, nan, nan, nan, nan, nan, nan, nan, nan, nan, nan, nan,
       nan, nan, nan, nan, nan, nan, nan, nan, nan, nan, nan, nan, nan,
       nan, nan, nan, nan]
       matrix[20]=[ 250.0, 225.0, 230.0, 170.0, 150.0, 135.0,
       125.0, 115.0, 75.0, 55.0, 44.0, 50.0, 55.0, 60.0, 65.0, 75.0, 80.0,
       125.0, 175.0, 145.0, 0.0, 70.0, 80.0, 90.0, nan, nan, nan, nan,
       nan, nan, nan, nan, nan, nan, nan, nan, nan, nan, nan, nan, nan,
       nan, nan, nan, nan, nan, nan, nan, nan, nan, nan, nan, nan, nan,
       nan, nan, nan]
       matrix[21]=[ 240.0, 220.0, 220.0, 160.0, 140.0, 125.0,
       115.0, 105.0, 70.0, 50.0, 37.0, 32.0, 50.0, 50.0, 60.0, 65.0, 70.0,
       115.0, 165.0, 140.0, 70.0, 0.0, 70.0, 85.0, nan, nan, nan, nan,
       nan, nan, nan, nan, nan, nan, nan, nan, nan, nan, nan, nan, nan,
       nan, nan, nan, nan, nan, nan, nan, nan, nan, nan, nan, nan, nan,
       nan, nan, nan]
       matrix[22]=[ 250.0, 225.0, 230.0, 170.0, 150.0, 135.0,
       125.0, 115.0, 80.0, 55.0, 50.0, 50.0, 37.0, 44.0, 20.0, 20.0, 26.0,
       125.0, 175.0, 150.0, 80.0, 70.0, 0.0, 26.0, nan, nan, nan, nan,
       nan, nan, nan, nan, nan, nan, nan, nan, nan, nan, nan, nan, nan,
       nan, nan, nan, nan, nan, nan, nan, nan, nan, nan, nan, nan, nan,
       nan, nan, nan]
       matrix[23]=[ 260.0, 240.0, 245.0, 180.0, 160.0, 145.0,
       135.0, 125.0, 90.0, 65.0, 60.0, 60.0, 50.0, 55.0, 32.0, 23.0, 20.0,
       135.0, 185.0, 160.0, 90.0, 85.0, 26.0, 0.0, nan, nan, nan, nan,
       nan, nan, nan, nan, nan, nan, nan, nan, nan, nan, nan, nan, nan,
       nan, nan, nan, nan, nan, nan, nan, nan, nan, nan, nan, nan, nan,
       nan, nan, nan]
       matrix[24]=[ nan, nan, nan, nan, nan, nan, nan, nan,
       nan, nan, nan, nan, nan, nan, nan, nan, nan, nan, nan, nan, nan,
       nan, nan, nan, 0.0, 10.4, 40.5, 115.5, 176.1, 195.5, 216.0, 236.1,
       304.1, 352.1, 382.1, 400.1, 421.1, 443.1, 471.1, 10.7, 48.7, 40.7,
       163.7, 177.1, 196.0, 215.5, 237.3, 308.3, 359.1, 376.1, 383.1,
       392.1, 399.1, 424.1, 440.1, 469.1, 434.1]
       matrix[25]=[ nan, nan, nan, nan, nan, nan, nan, nan,
       nan, nan, nan, nan, nan, nan, nan, nan, nan, nan, nan, nan, nan,
       nan, nan, nan, 10.4, 0.0, 30.1, 105.1, 165.7, 185.1, 205.6, 225.7,
       293.7, 341.7, 371.7, 389.7, 410.7, 432.7, 460.7, 0.3, 38.3, 30.3,
       153.3, 166.7, 185.6, 205.1, 226.9, 297.9, 348.7, 365.7, 372.7,
       381.7, 388.7, 413.7, 429.7, 458.7, 423.7]
       matrix[26]=[ nan, nan, nan, nan, nan, nan, nan, nan,
       nan, nan, nan, nan, nan, nan, nan, nan, nan, nan, nan, nan, nan,
       nan, nan, nan, 40.5, 30.1, 0.0, 75.0, 135.6, 155.0, 175.5, 195.6,
       263.6, 311.6, 341.6, 359.6, 380.6, 402.6, 430.6, 30.4,
       8.200000000000001, 0.2, 123.2, 136.6, 155.5, 175.0, 196.8, 267.8,
       318.6, 335.6, 342.6, 351.6, 358.6, 383.6, 399.6, 428.6, 393.6],
       matrix[27]=[ nan, nan, nan, nan, nan, nan, nan, nan,
       nan, nan, nan, nan, nan, nan, nan, nan, nan, nan, nan, nan, nan,
       nan, nan, nan, 115.5, 105.1, 75.0, 0.0, 60.6, 80.0, 100.5, 120.6,
       188.6, 236.6, 266.6, 284.6, 305.6, 327.6, 355.6, 105.4, 83.2, 75.2,
       60.0, 61.6, 80.5, 100.0, 121.8, 192.8, 243.6, 260.6, 267.6, 276.6,
       283.6, 308.6, 324.6, 353.6, 318.6]
       matrix[28]=[ nan, nan, nan, nan, nan, nan, nan, nan,
       nan, nan, nan, nan, nan, nan, nan, nan, nan, nan, nan, nan, nan,
       nan, nan, nan, 176.1, 165.7, 135.6, 60.6, 0.0, 19.4,
       39.90000000000001, 60.0, 128.0, 176.0, 206.0, 224.0, 245.0, 267.0,
       295.0, 166.0, 143.8, 135.8, 120.6, 1.0, 19.9, 39.40000000000001,
       61.2, 132.2, 183.0, 200.0, 207.0, 216.0, 223.0, 248.0, 264.0,
       293.0, 258.0]
       matrix[29]=[ nan, nan, nan, nan, nan, nan, nan, nan,
       nan, nan, nan, nan, nan, nan, nan, nan, nan, nan, nan, nan, nan,
       nan, nan, nan, 195.5, 185.1, 155.0, 80.0, 19.4, 0.0, 20.5, 40.6,
       108.6, 156.6, 186.6, 204.6, 225.6, 247.6, 275.6, 185.4, 163.2,
       155.2, 140.0, 20.4, 0.5, 20.0, 41.8, 112.8, 163.6, 180.6, 187.6,
       196.6, 203.6, 228.6, 244.6, 273.6, 238.6]
       matrix[30]=[ nan, nan, nan, nan, nan, nan, nan, nan,
       nan, nan, nan, nan, nan, nan, nan, nan, nan, nan, nan, nan, nan,
       nan, nan, nan, 216.0, 205.6, 175.5, 100.5, 39.90000000000001, 20.5,
       0.0, 20.1, 88.10000000000001, 136.1, 166.1, 184.1, 205.1, 227.1,
       255.1, 205.9, 183.7, 175.7, 131.3, 40.90000000000001, 20.5, 1.0,
       21.3, 92.30000000000001, 143.1, 160.1, 167.1, 176.1, 183.1, 208.1,
       224.1, 253.1, 218.1]
       matrix[31]=[ nan, nan, nan, nan, nan, nan, nan, nan,
       nan, nan, nan, nan, nan, nan, nan, nan, nan, nan, nan, nan, nan,
       nan, nan, nan, 236.1, 225.7, 195.6, 120.6, 60.0, 40.6, 20.1, 0.0,
       68.0, 116.0, 146.0, 164.0, 185.0, 207.0, 235.0, 226.0, 203.8,
       195.8, 111.2, 61.0, 40.6, 21.1, 1.2, 72.2, 123.0, 140.0, 147.0,
       156.0, 163.0, 188.0, 204.0, 233.0, 198.0]
       matrix[32]=[ nan, nan, nan, nan, nan, nan, nan, nan,
       nan, nan, nan, nan, nan, nan, nan, nan, nan, nan, nan, nan, nan,
       nan, nan, nan, 304.1, 293.7, 263.6, 188.6, 128.0, 108.6,
       88.10000000000001, 68.0, 0.0, 48.0, 78.0, 96.0, 117.0, 139.0,
       167.0, 294.0, 271.8, 263.8, 179.2, 129.0, 108.6, 89.10000000000001,
       69.2, 4.2, 55.0, 72.0, 79.0, 88.0, 95.0, 120.0, 136.0, 165.0,
       130.0]
       matrix[33]=[ nan, nan, nan, nan, nan, nan, nan, nan,
       nan, nan, nan, nan, nan, nan, nan, nan, nan, nan, nan, nan, nan,
       nan, nan, nan, 352.1, 341.7, 311.6, 236.6, 176.0, 156.6, 136.1,
       116.0, 48.0, 0.0, 30.0, 48.0, 69.0, 91.0, 119.0, 342.0, 319.8,
       311.8, 227.2, 177.0, 156.6, 137.1, 117.2, 52.2, 7.0, 24.0, 31.0,
       40.0, 47.0, 72.0, 88.0, 117.0, 82.0]
       matrix[34]=[ nan, nan, nan, nan, nan, nan, nan, nan,
       nan, nan, nan, nan, nan, nan, nan, nan, nan, nan, nan, nan, nan,
       nan, nan, nan, 382.1, 371.7, 341.6, 266.6, 206.0, 186.6, 166.1,
       146.0, 78.0, 30.0, 0.0, 21.0, 42.0, 65.0, 93.0, 372.0, 349.8,
       341.8, 257.2, 207.0, 186.6, 167.1, 147.2, 78.80000000000001, 26.8,
       9.8, 1.0, 25.8, 20.0, 46.0, 62.0, 91.0, 56.0]
       matrix[35]=[ nan, nan, nan, nan, nan, nan, nan, nan,
       nan, nan, nan, nan, nan, nan, nan, nan, nan, nan, nan, nan, nan,
       nan, nan, nan, 400.1, 389.7, 359.6, 284.6, 224.0, 204.6, 184.1,
       164.0, 96.0, 48.0, 21.0, 0.0, 21.0, 46.0, 74.0, 390.0, 367.8,
       359.8, 275.0, 225.0, 204.6, 185.1, 165.0, 93.0, 41.0, 24.0, 20.0,
       8.0, 1.0, 27.0, 43.0, 72.0, 37.0]
       matrix[36]=[ nan, nan, nan, nan, nan, nan, nan, nan,
       nan, nan, nan, nan, nan, nan, nan, nan, nan, nan, nan, nan, nan,
       nan, nan, nan, 421.1, 410.7, 380.6, 305.6, 245.0, 225.6, 205.1,
       185.0, 117.0, 69.0, 42.0, 21.0, 0.0, 25.2, 53.2, 411.0, 388.8,
       380.8, 296.0, 246.0, 225.6, 206.1, 186.0, 114.0, 62.0, 45.0, 41.0,
       29.0, 22.0, 6.2, 22.2, 51.2, 16.2]
       matrix[37]=[ nan, nan, nan, nan, nan, nan, nan, nan,
       nan, nan, nan, nan, nan, nan, nan, nan, nan, nan, nan, nan, nan,
       nan, nan, nan, 443.1, 432.7, 402.6, 327.6, 267.0, 247.6, 227.1,
       207.0, 139.0, 91.0, 65.0, 46.0, 25.2, 0.0, 34.0, 433.0, 410.8,
       402.8, 318.0, 268.0, 247.6, 228.1, 208.0, 136.0, 84.0, 67.0, 64.0,
       51.0, 45.0, 19.0, 3.0, 32.0, 29.0]
       matrix[38]=[ nan, nan, nan, nan, nan, nan, nan, nan,
       nan, nan, nan, nan, nan, nan, nan, nan, nan, nan, nan, nan, nan,
       nan, nan, nan, 471.1, 460.7, 430.6, 355.6, 295.0, 275.6, 255.1,
       235.0, 167.0, 119.0, 93.0, 74.0, 53.2, 34.0, 0.0, 461.0, 438.8,
       430.8, 346.0, 296.0, 275.6, 256.1, 236.0, 164.0, 112.0, 95.0, 92.0,
       79.0, 73.0, 47.0, 31.0, 2.0, 57.0]
       matrix[39]=[ 0.0, 29.0, 37.0, 90.0, 180.0, 165.0,
       155.0, 145.0, 180.0, 205.0, 215.0, 215.0, 220.0, 225.0, 235.0,
       245.0, 250.0, 155.0, 205.0, 175.0, 250.0, 240.0, 250.0, 260.0,
       10.7, 0.3, 30.4, 105.4, 166.0, 185.4, 205.9, 226.0, 294.0, 342.0,
       372.0, 390.0, 411.0, 433.0, 461.0, 0.0, 38.6, 30.6, 153.6, 167.0,
       185.9, 205.4, 227.2, 298.2, 349.0, 366.0, 373.0, 382.0, 389.0,
       414.0, 430.0, 459.0, 424.0]
       matrix[40]=[ 29.0, 0.0, 20.0, 65.0, 155.0, 140.0,
       130.0, 120.0, 155.0, 180.0, 190.0, 195.0, 200.0, 200.0, 215.0,
       225.0, 225.0, 130.0, 180.0, 155.0, 225.0, 220.0, 225.0, 240.0,
       48.7, 38.3, 8.200000000000001, 83.2, 143.8, 163.2, 183.7, 203.8,
       271.8, 319.8, 349.8, 367.8, 388.8, 410.8, 438.8, 38.6, 0.0, 8.0,
       115.0, 144.8, 163.7, 183.2, 205.0, 276.0, 326.8, 343.8, 350.8,
       359.8, 366.8, 391.8, 407.8, 436.8, 401.8]
       matrix[41]=[ 37.0, 20.0, 0.0, 70.0, 160.0, 145.0,
       135.0, 125.0, 160.0, 185.0, 195.0, 200.0, 205.0, 205.0, 220.0,
       225.0, 230.0, 135.0, 185.0, 160.0, 230.0, 220.0, 230.0, 245.0,
       40.7, 30.3, 0.2, 75.2, 135.8, 155.2, 175.7, 195.8, 263.8, 311.8,
       341.8, 359.8, 380.8, 402.8, 430.8, 30.6, 8.0, 0.0, 123.0, 136.8,
       155.7, 175.2, 197.0, 268.0, 318.8, 335.8, 342.8, 351.8, 358.8,
       383.8, 399.8, 428.8, 393.8]
       matrix[42]=[ 90.0, 65.0, 70.0, 0.0, 100.0, 85.0, 75.0,
       65.0, 100.0, 125.0, 135.0, 135.0, 140.0, 145.0, 155.0, 165.0,
       170.0, 75.0, 125.0, 95.0, 170.0, 160.0, 170.0, 180.0, 163.7, 153.3,
       123.2, 60.0, 120.6, 140.0, 131.3, 111.2, 179.2, 227.2, 257.2,
       275.0, 296.0, 318.0, 346.0, 153.6, 115.0, 123.0, 0.0, 121.6, 140.5,
       132.2, 110.0, 182.0, 234.0, 251.0, 258.2, 267.0, 274.0, 299.0,
       315.0, 344.0, 309.0]
       matrix[43]=[ 180.0, 155.0, 160.0, 100.0, 0.0, 23.0,
       37.0, 50.0, 80.0, 105.0, 115.0, 120.0, 120.0, 125.0, 140.0, 145.0,
       150.0, 37.0, 105.0, 80.0, 150.0, 140.0, 150.0, 160.0, 177.1, 166.7,
       136.6, 61.6, 1.0, 20.4, 40.90000000000001, 61.0, 129.0, 177.0,
       207.0, 225.0, 246.0, 268.0, 296.0, 167.0, 144.8, 136.8, 121.6, 0.0,
       20.9, 40.40000000000001, 62.2, 133.2, 184.0, 201.0, 208.0, 217.0,
       224.0, 249.0, 265.0, 294.0, 259.0]
       matrix[44]=[ 165.0, 140.0, 145.0, 85.0, 23.0, 0.0,
       20.0, 29.0, 65.0, 90.0, 100.0, 105.0, 105.0, 110.0, 125.0, 130.0,
       135.0, 20.0, 90.0, 65.0, 135.0, 125.0, 135.0, 145.0, 196.0, 185.6,
       155.5, 80.5, 19.9, 0.5, 20.5, 40.6, 108.6, 156.6, 186.6, 204.6,
       225.6, 247.6, 275.6, 185.9, 163.7, 155.7, 140.5, 20.9, 0.0, 19.5,
       41.7, 112.8, 163.6, 180.6, 187.6, 196.6, 203.6, 228.6, 244.6,
       273.6, 238.6]
       matrix[45]=[ 155.0, 130.0, 135.0, 75.0, 37.0, 20.0,
       0.0, 20.0, 60.0, 80.0, 90.0, 95.0, 95.0, 100.0, 115.0, 120.0,
       125.0, 20.0, 80.0, 60.0, 125.0, 115.0, 125.0, 135.0, 215.5, 205.1,
       175.0, 100.0, 39.40000000000001, 20.0, 1.0, 21.1,
       89.10000000000001, 137.1, 167.1, 185.1, 206.1, 228.1, 256.1, 205.4,
       183.2, 175.2, 132.2, 40.40000000000001, 19.5, 0.0, 22.2,
       93.30000000000001, 144.1, 161.1, 168.1, 177.1, 184.1, 209.1, 225.1,
       254.1, 219.1]
       matrix[46]=[ 145.0, 120.0, 125.0, 65.0, 50.0, 29.0,
       20.0, 0.0, 50.0, 70.0, 80.0, 80.0, 85.0, 90.0, 100.0, 110.0, 115.0,
       20.0, 70.0, 44.0, 115.0, 105.0, 115.0, 125.0, 237.3, 226.9, 196.8,
       121.8, 61.2, 41.8, 21.3, 1.2, 69.2, 117.2, 147.2, 165.0, 186.0,
       208.0, 236.0, 227.2, 205.0, 197.0, 110.0, 62.2, 41.7, 22.2, 0.0,
       72.0, 124.0, 141.0, 148.2, 157.0, 164.0, 189.0, 205.0, 234.0,
       199.0]
       matrix[47]=[ 180.0, 155.0, 160.0, 100.0, 80.0, 65.0,
       60.0, 50.0, 0.0, 37.0, 44.0, 50.0, 55.0, 60.0, 65.0, 75.0, 80.0,
       60.0, 105.0, 80.0, 75.0, 70.0, 80.0, 90.0, 308.3, 297.9, 267.8,
       192.8, 132.2, 112.8, 92.30000000000001, 72.2, 4.2, 52.2,
       78.80000000000001, 93.0, 114.0, 136.0, 164.0, 298.2, 276.0, 268.0,
       182.0, 133.2, 112.8, 93.30000000000001, 72.0, 0.0, 52.0, 69.0,
       77.80000000000001, 85.0, 92.0, 117.0, 133.0, 162.0, 127.0],
       matrix[48]=[ 205.0, 180.0, 185.0, 125.0, 105.0, 90.0,
       80.0, 70.0, 37.0, 0.0, 20.0, 20.0, 23.0, 26.0, 44.0, 55.0, 55.0,
       80.0, 130.0, 105.0, 55.0, 50.0, 55.0, 65.0, 359.1, 348.7, 318.6,
       243.6, 183.0, 163.6, 143.1, 123.0, 55.0, 7.0, 26.8, 41.0, 62.0,
       84.0, 112.0, 349.0, 326.8, 318.8, 234.0, 184.0, 163.6, 144.1,
       124.0, 52.0, 0.0, 17.0, 25.8, 33.0, 40.0, 65.0, 81.0, 110.0, 75.0],
       matrix[49]=[ 215.0, 190.0, 195.0, 135.0, 115.0, 100.0,
       90.0, 80.0, 44.0, 20.0, 0.0, 20.0, 20.0, 20.0, 32.0, 44.0, 50.0,
       90.0, 140.0, 115.0, 44.0, 37.0, 50.0, 60.0, 376.1, 365.7, 335.6,
       260.6, 200.0, 180.6, 160.1, 140.0, 72.0, 24.0, 9.8, 24.0, 45.0,
       67.0, 95.0, 366.0, 343.8, 335.8, 251.0, 201.0, 180.6, 161.1, 141.0,
       69.0, 17.0, 0.0, 8.8, 16.0, 23.0, 48.0, 64.0, 93.0, 58.0],
       matrix[50]=[ 215.0, 195.0, 200.0, 135.0, 120.0, 105.0,
       95.0, 80.0, 50.0, 20.0, 20.0, 0.0, 20.0, 23.0, 37.0, 50.0, 55.0,
       95.0, 140.0, 115.0, 50.0, 32.0, 50.0, 60.0, 383.1, 372.7, 342.6,
       267.6, 207.0, 187.6, 167.1, 147.0, 79.0, 31.0, 1.0, 20.0, 41.0,
       64.0, 92.0, 373.0, 350.8, 342.8, 258.2, 208.0, 187.6, 168.1, 148.2,
       77.80000000000001, 25.8, 8.8, 0.0, 24.8, 19.0, 45.0, 61.0, 90.0,55.0]
       matrix[51]=[ 220.0, 200.0, 205.0, 140.0, 120.0, 105.0,
       95.0, 85.0, 55.0, 23.0, 20.0, 20.0, 0.0, 20.0, 23.0, 32.0, 37.0,
       95.0, 145.0, 120.0, 55.0, 50.0, 37.0, 50.0, 392.1, 381.7, 351.6,
       276.6, 216.0, 196.6, 176.1, 156.0, 88.0, 40.0, 25.8, 8.0, 29.0,
       51.0, 79.0, 382.0, 359.8, 351.8, 267.0, 217.0, 196.6, 177.1, 157.0,
       85.0, 33.0, 16.0, 24.8, 0.0, 7.0, 32.0, 48.0, 77.0, 42.0],
       matrix[52]=[ 225.0, 200.0, 205.0, 145.0, 125.0, 110.0,
       100.0, 90.0, 60.0, 26.0, 20.0, 23.0, 20.0, 0.0, 26.0, 37.0, 44.0,
       100.0, 150.0, 125.0, 60.0, 50.0, 44.0, 55.0, 399.1, 388.7, 358.6,
       283.6, 223.0, 203.6, 183.1, 163.0, 95.0, 47.0, 20.0, 1.0, 22.0,
       45.0, 73.0, 389.0, 366.8, 358.8, 274.0, 224.0, 203.6, 184.1, 164.0,
       92.0, 40.0, 23.0, 19.0, 7.0, 0.0, 26.0, 42.0, 71.0, 36.0],
       matrix[53]=[ 235.0, 215.0, 220.0, 155.0, 140.0, 125.0,
       115.0, 100.0, 65.0, 44.0, 32.0, 37.0, 23.0, 26.0, 0.0, 20.0, 20.0,
       110.0, 160.0, 135.0, 65.0, 60.0, 20.0, 32.0, 424.1, 413.7, 383.6,
       308.6, 248.0, 228.6, 208.1, 188.0, 120.0, 72.0, 46.0, 27.0, 6.2,
       19.0, 47.0, 414.0, 391.8, 383.8, 299.0, 249.0, 228.6, 209.1, 189.0,
       117.0, 65.0, 48.0, 45.0, 32.0, 26.0, 0.0, 16.0, 45.0, 10.0],
       matrix[54]=[ 245.0, 225.0, 225.0, 165.0, 145.0, 130.0,
       120.0, 110.0, 75.0, 55.0, 44.0, 50.0, 32.0, 37.0, 20.0, 0.0, 20.0,
       120.0, 170.0, 145.0, 75.0, 65.0, 20.0, 23.0, 440.1, 429.7, 399.6,
       324.6, 264.0, 244.6, 224.1, 204.0, 136.0, 88.0, 62.0, 43.0, 22.2,
       3.0, 31.0, 430.0, 407.8, 399.8, 315.0, 265.0, 244.6, 225.1, 205.0,
       133.0, 81.0, 64.0, 61.0, 48.0, 42.0, 16.0, 0.0, 29.0, 26.0],
       matrix[55]=[ 250.0, 225.0, 230.0, 170.0, 150.0, 135.0,
       125.0, 115.0, 80.0, 55.0, 50.0, 55.0, 37.0, 44.0, 20.0, 20.0, 0.0,
       125.0, 175.0, 150.0, 80.0, 70.0, 20.0, 20.0, 469.1, 458.7, 428.6,
       353.6, 293.0, 273.6, 253.1, 233.0, 165.0, 117.0, 91.0, 72.0, 51.2,
       32.0, 2.0, 459.0, 436.8, 428.8, 344.0, 294.0, 273.6, 254.1, 234.0,
       162.0, 110.0, 93.0, 90.0, 77.0, 71.0, 45.0, 29.0, 0.0, 55.0],
       matrix[56]=[ 250.0, 225.0, 230.0, 170.0, 150.0, 135.0,
       125.0, 115.0, 80.0, 55.0, 50.0, 50.0, 37.0, 44.0, 20.0, 20.0, 26.0,
       125.0, 175.0, 150.0, 80.0, 70.0, 0.0, 26.0, 434.1, 423.7, 393.6,
       318.6, 258.0, 238.6, 218.1, 198.0, 130.0, 82.0, 56.0, 37.0, 16.2,
       29.0, 57.0, 424.0, 401.8, 393.8, 309.0, 259.0, 238.6, 219.1, 199.0,
       127.0, 75.0, 58.0, 55.0, 42.0, 36.0, 10.0, 26.0, 55.0, 0.0]