gh1: [3.53744576e+09 3.67012435e+09 3.80519561e+09 3.94262747e+09
 4.08238591e+09 4.22443499e+09 4.36873682e+09 4.51525157e+09
 4.66393748e+09 4.81475086e+09 4.96764607e+09 5.12257552e+09
 5.27948972e+09 5.43833719e+09 5.59906457e+09 5.76161651e+09
 5.92593576e+09 6.09196311e+09 6.25963742e+09 6.42889561e+09
 6.59967268e+09 6.77190166e+09 6.94551366e+09 7.12043785e+09
 7.29660147e+09 7.47392981e+09 7.65234623e+09 7.83177214e+09
 8.01212704e+09 8.19332846e+09]

gh2: [2.98900834e+09 3.10703004e+09 3.22776704e+09 3.35123166e+09
 3.47743550e+09 3.60638952e+09 3.73810399e+09 3.87258850e+09
 4.00985197e+09 4.14990264e+09 4.29274806e+09 4.43839513e+09
 4.58685005e+09 4.73811836e+09 4.89220489e+09 5.04911384e+09
 5.20884870e+09 5.37141228e+09 5.53680675e+09 5.70503356e+09
 5.87609350e+09 6.04998669e+09 6.22671257e+09 6.40626988e+09
 6.58865672e+09 6.77387049e+09 6.96190792e+09 7.15276506e+09
 7.34643727e+09 7.54291926e+09]