48.772217297027133,
52.29344002847943,
62.000323557144725,
50.23266419064096,
49.656615075419296,
63.580971177839462,
59.500903982723145,
69.620392384109195,
7.499046558413578,
26.17348377598738,
68.676416373994513,
12.65675547996775,
63.172386344059916,
75.167183678122382,
53.589750419943286,
51.78522406573702,
35.47418980290763,
31.05958480218832,
71.482443232444432,
65.443709372847781,
79.362683152017418,
60.063693199061362,
42.1895512151298,
43.303418314194847,
13.72907190583905,
5.18593994775102,
62.709780773847314,
45.884566615377153,
100.0,
64.38801290615221,
65.703964474060474,
56.882522243039492,
42.20783816785506,
62.510212357450785,
60.02013167467428,
70.06441257662605,
66.295985696584932,
61.240479269469486,
58.95173084127612,
74.137551974093622,
51.849107225228042,
67.46738069807926,
54.965599065602358,
44.79465556913406,
7.995866344858269,
10.85644603125709,
14.224945886388642,
40.285772760627422,
41.975748859036498,
50.284242887558413,
50.636249764689747,
68.3001552845784,
50.70628029511833,
45.337930294103467,
35.92404647244572,
31.651912267263123,
50.851703516431176,
61.822778440348076,
34.99302789307061,
57.186982455898693,
40.580917117542235,
55.5145246593107,
30.417470504073606,
60.555758531255755,
2.8723538247559897,
15.371969601101988,
22.06116435676009,
16.783626826152716,
22.90353589241754,
65.281692349936574,
35.328891229377556,
36.976326761796056,
35.346933837803958,
83.11202255375004,
43.03348474007732,
80.93926292503983,
42.309480587051862,
56.22505961624937,
60.405597237349692,
56.193476661278144,
50.58684687768464,
65.109650658936577,
75.73744789858235,
67.913017652295064,
62.489875492716,
26.662559673935238,
22.195123095595772,
58.073416037967995,
72.78929184084619,
72.286368616143356,
20.593587930154044,
61.47143223367844,
63.28229306000552,
21.782677023204872,
22.658205804102547,
21.098369180118258,
22.14266259038011,
27.523611910624943,
41.262586853860775,
26.107275919596628