a为一次性塑料占比
D1为1950~2019年不调整a时，每年的塑料对环境的破坏程度
D2为……………………调整a时，每年的塑料对…………………………
gh1为不调整a时，2020~2050预测的破坏程度
gh2为调整a…………………………
本次选取gh1与gh2的差值超过15%
不调整a时，a的值为0.359


a= 0.2507030892976561

D1: [0.0, 664529.4533405182, 1291781.2158314858, 1992207.5140266402, 2987928.6489439406, 4238403.722032055, 5845813.987527713, 7745895.691712517, 9900744.994259318, 12411702.592964146, 15368901.600553708, 18864558.635218404, 22711860.431212228, 27460664.285615932, 33024945.93015536, 39438801.97614423, 46712154.28601054, 55235740.632192425, 65087344.77438851, 76596238.7106423, 90012139.91910054, 105082026.56902461, 121877186.43874422, 141218202.8893517, 163557598.36833432, 187252400.48361787, 210631537.2103168, 237425605.12151515, 266487475.60822338, 297776976.36176324, 330647800.0, 362738396.29999995, 398212169.6, 434448022.4, 474133986.1999999, 515341473.5, 558537086.8, 603864861.5999999, 650132632.8, 698822430.5999999, 749284200.0, 802200602.0, 857355828.0, 915104880.1999999, 974340385.2, 1037795311.0, 1102997196.0, 1172642461.2, 1245643862.3999999, 1322616160.6, 1403906728.0, 1489269803.0, 1577623460.0, 1670140313.7999997, 1766275952.0, 1867282200.0, 1970274574.8, 2079394896.6, 2192213609.6, 2301651923.2, 2326742809.5238094, 2435324526.0172863, 2546797183.234867, 2658329430.3404155, 2771262156.6147776, 2888258020.8695655, 3021246388.2273893, 3151003350.042628, 3286398688.276967, 3427957314.8573856]

D2: [0.0, 464065.70162047504, 902099.0014084561, 1421740.805295227, 2150092.5282416814, 3141755.0888790274, 4407350.445059848, 5885297.714150362, 7627237.176406369, 9646684.241930671, 12035468.279418545, 14887221.6964701, 18016339.437442183, 21890597.295618583, 26426888.8707501, 31661865.507900283, 37605008.23759452, 44569313.54949678, 52638264.17511297, 62064636.78905015, 73023258.94297828, 85424530.92758289, 99342357.61009625, 115365469.37908562, 133874613.22807977, 153697459.03041443, 173701082.54962683, 196536003.35436743, 221291099.8500612, 247930058.15615746, 275459694.3060855, 302243741.98167074, 332259350.9822725, 362961231.64538276, 396582568.4460515, 431270581.7217704, 467643489.64752275, 505693712.0483252, 544077468.1491946, 584428403.8251141, 626248079.7510672, 670067541.2520702, 715822595.4031067, 763565013.0542102, 812414844.3178555, 864422786.6566176, 917798649.0079217, 974708197.509326, 1034064187.9608307, 1096784612.712402, 1162761996.9390907, 1231978002.5533714, 1303805550.9801936, 1378810794.319625, 1456676743.6841393, 1538276185.2862792, 1621331098.8259778, 1709225226.1283183, 1799680627.0682845, 1887816938.3331332, 1956277127.4962082, 2047465835.7640944, 2141120233.4954214, 2234371659.512734, 2328526514.0059195, 2426215910.609046, 2538966860.3128576, 2647934243.5844603, 2761685047.2632985, 2880696015.3559732]

gh1: [3.53744576e+09 3.67012435e+09 3.80519561e+09 3.94262747e+09
 4.08238591e+09 4.22443499e+09 4.36873682e+09 4.51525157e+09
 4.66393748e+09 4.81475086e+09 4.96764607e+09 5.12257552e+09
 5.27948972e+09 5.43833719e+09 5.59906457e+09 5.76161651e+09
 5.92593576e+09 6.09196311e+09 6.25963742e+09 6.42889561e+09
 6.59967268e+09 6.77190166e+09 6.94551366e+09 7.12043785e+09
 7.29660147e+09 7.47392981e+09 7.65234623e+09 7.83177214e+09
 8.01212704e+09 8.19332846e+09]

gh2: [2.98900834e+09 3.10703004e+09 3.22776704e+09 3.35123166e+09
 3.47743550e+09 3.60638952e+09 3.73810399e+09 3.87258850e+09
 4.00985197e+09 4.14990264e+09 4.29274806e+09 4.43839513e+09
 4.58685005e+09 4.73811836e+09 4.89220489e+09 5.04911384e+09
 5.20884870e+09 5.37141228e+09 5.53680675e+09 5.70503356e+09
 5.87609350e+09 6.04998669e+09 6.22671257e+09 6.40626988e+09
 6.58865672e+09 6.77387049e+09 6.96190792e+09 7.15276506e+09
 7.34643727e+09 7.54291926e+09]